CD2R = pi/180;

Xp_0 = 0;
Yp_0 = 0;
Vp_0 = 100;
Alpha_p = 45*pi/180;

Xt_0 = 500;
Yt_0 = 500;
Vt_0 = 50;
Alpha_t = -45*pi/180;

t0 = 0.0;
tf = 100;
dt = 0.01;